1.0090528601654956 0.0024728236744122334 -18.6835755853205 0.004685657198201909 1.0200506526694337 -342.80363542582893 0 0 1
-1.0759807855301925e-15 -2.4424906541753444e-15 484.97274780273665 0.0 1.529332216421153e-14 45.937625884990354 0 0 1
1.0369074971034866 -0.032133603011757834 26.37134883232727 0.14370406306049333 1.0951531585018954 -417.7151312584193 0 0 1
0.9880628258383702 -0.30023531432464934 -76.44802958977368 0.24328591089236795 1.1288489524415113 -373.32248254306046 0 0 1
1.049467116793931 -0.1118147064264311 -67.36528194093961 0.20044945463467911 1.0394378696173225 -369.2012127635826 0 0 1
1.0098030862225487 -0.0017962887655396352 25.88515869919067 0.01414891112810679 1.0217267850490788 -404.5752498249721 0 0 1
1.0149808133222726 0.011952252668098226 -84.82050311675056 0.0034579913165515563 1.0337156605800655 -391.1180151508812 0 0 1
1.1085928562267877 0.4708197508901204 -19.8614811139334 -0.15054180708523646 1.1558791641004917 -342.7550092660483 0 0 1
1.0053055931946338 0.0024085682454247637 -59.915132564273186 -0.004390512843187366 1.0169275766888242 -358.01766903779196 0 0 1
1.0666405869814666 0.09508846400376168 -69.88174345330732 -0.09854735226885225 1.012944778606743 -364.9631498265412 0 0 1
1.010828410299723 0.00011313555833041 -65.06570976496238 0.004515840323193743 1.0198993337400233 -374.7910317514165 0 0 1
1.0106251007079703 0.07628126081303993 -68.90285751985972 -0.10309456885435964 1.0394370883832096 -360.1189671137663 0 0 1
1.087870859856218 -0.4143949041640047 -75.63124264185724 0.12826380845146446 1.1852171670678968 -353.98573439457596 0 0 1
1.1038184467428012 -0.20026793258661407 -78.41918025829348 -0.032401446814205315 1.1650398893571154 -382.1425355651767 0 0 1
0.9966974712170071 0.3613646343479494 -412.5732010691381 -0.2853070999734655 1.1128576686943046 -99.54573876255175 0 0 1
1.1427315360370884 0.06355265767438618 -74.88363759621447 0.047842287133093464 1.0443913550334392 -369.30248408257484 0 0 1
1.0838650917965778 0.20160452375639942 -84.48798786288381 -0.2604141270071807 1.020552809836835 -392.12864719758676 0 0 1
1.0443169939572017 -0.2643484165758231 676.2953640028898 0.2133126016337883 1.0265346175965984 -589.7296214602209 0 0 1
1.0954139146202708 0.1939312750990252 21.321282059447515 -0.00756277417951523 1.117152501046119 -418.6211023044024 0 0 1
1.0065296775064367 -0.006257468170975122 25.908502080866693 0.018203485300194444 1.0211139634258477 -404.6011258478972 0 0 1
1.017817381593346 0.034727716189689374 0.0004722710617080815 -0.1752597038499189 0.6218551633131961 0.0005264225239466859 0 0 1
0.7790191470618298 0.41721510911792864 -392.5301159122702 -0.39871146985728956 0.8651523097752797 0.3655880997350743 0 0 1
1.006544113851363 -0.012957849236998824 -16.764058969714267 0.012539466041761926 1.0134295297243732 -332.84651395262466 0 0 1
1.002432785846456 0.16129278153061016 -21.1601042985185 -0.164554800982728 1.0079019232378528 -344.8218004956375 0 0 1
0.11714023739784751 0.486582659892384 0.0007685700419375398 0.37695689473064403 1.5658213827913965 0.002473255841268249 0 0 1
1.0636268952582266 0.4154191565885943 38.51202410493506 -0.1533216850290131 1.0223795433641722 -486.9907463889904 0 0 1
1.140568635521777 -0.07531015692688402 26.123119136158643 0.24994361679485166 1.052592373136647 -403.3411854977294 0 0 1
1.0004484220904675 -0.1690355678544661 -76.58624659684428 0.2301802926862706 1.05367558971452 -385.7643206483469 0 0 1
3.784589256249271 -2.1353650615884723 -0.04847938314416506 -9.725917736615697 8.318799306211563 0.14715125844294683 0 0 1
1.1145719208228075 -0.1491501291407774 -69.4015576763314 0.052858201419766715 1.03627257907723 -370.9083910445242 0 0 1
1.0089287181842337 0.00017393131242298548 37.68373686677666 0.02866978043327606 1.0070869529650202 -408.7532429427293 0 0 1
1.0117962834290055 -0.01716548441807746 -9.339033555370072 0.021804561840875536 1.0251312553871172 -362.629464449971 0 0 1
-0.3570538331049488 -1.555729662345159 2452.1245966209353 -0.2892295438200563 -0.016443530308207777 487.94923582332024 0 0 1
该图片提取特征点数量不够
0.8939002030960744 -0.35548823483053726 1026.3299475306846 0.3595842524694035 0.9305325152082528 -501.188328623746 0 0 1
1.0075413238735913 0.06557342971537801 -6.590214138995834 -0.060384810652949206 1.03575881163106 -366.4181816989311 0 0 1
1.0101801450093284 0.005355444323097085 21.540587065229726 0.006890402841932541 1.037109026482872 -417.1189087766416 0 0 1
1.0061926940790378 -0.006318620333565686 32.6324484801806 0.019650659131428938 1.0233702387906942 -440.6539944238087 0 0 1
1.0082288168611084 -0.000278881163118222 42.4031249709082 0.030186661691963934 1.0243874890415499 -488.97313723263676 0 0 1
1.02049262026855 0.11269523533237857 -21.369089149275524 -0.14986052254131366 1.026087554132424 -335.70458804850836 0 0 1
1.047439621649621 -0.07550337337295035 -58.13774704952418 -0.01576297966573037 1.0721370924131215 -347.4101327355714 0 0 1
1.1280458175958081 -0.11989813975206567 37.805620348441884 -0.029845357413044837 1.1060527117072256 -445.01222130095795 0 0 1
9.9352833963409e-16 -1.3322676295501878e-15 581.9147949218749 0.0 2.121702990745309e-17 343.3053588867196 0 0 1
0.5033567078129378 -2.090099507902689 1387.6473095357005 -1.5465680143656755 -3.4307167901765383 3043.426689135335 0 0 1
1.0095376725937586 -0.00464822855129482 37.45636480372664 0.04340818810206315 0.980918921476814 -429.300758345665 0 0 1
1.0261533337189588 0.3152314844891617 -16.90374153018209 -0.24037744762421198 1.0215707650093035 -407.7104182020639 0 0 1
1.0004326801417183 0.18448605406707805 -60.675091126681764 -0.26807507319009716 1.0497656992532642 -357.8020453441207 0 0 1
1.0174960445166634 -0.00260712463144272 -50.4722318113446 0.01614326085248763 1.0229838476480415 -366.2066533867279 0 0 1
0.979718579178704 1.7834033057889958 -1310.4435352161865 -0.00420260956752827 -0.007650102734326753 351.4228360742747 0 0 1
1.0109236966239838 -0.0013631860024864162 -73.52252194722246 0.0027910489005193995 1.023958359619704 -370.55124527281356 0 0 1
1.0020499585005598 -0.01524186467205219 -0.16416436016617067 0.004876602240613259 1.0195881805911677 -394.25201175761845 0 0 1
3.9207048140313585 0.8438237442766097 -1995.4537008361508 4.236458887741719 2.039913979537448 -3314.8854456777176 0 0 1
1.009019235861952 0.006153079510350455 -24.744075283842882 -0.00043903680779422416 1.0209062190939702 -344.1358908799264 0 0 1
1.0114516334837838 -0.00023404488508467491 32.85892320155235 0.01018671557473283 1.0227523462304737 -395.99254255103034 0 0 1
0.8021441342914157 0.4531428884419818 -443.9639142108725 -0.6101200287678239 1.0065077781331113 -1.5890335904216228 0 0 1
1.0044944462276186 -0.004411310177196662 -58.70947987914765 -0.011894116268422295 1.0060872357155024 -356.519855853276 0 0 1
-1.8809326032228686e-15 1.3322676295501878e-15 165.55146789550773 -2.842170943040401e-14 2.513918923363379e-14 408.0831909179688 0 0 1
1.006641429647299 -0.0010179502547996155 -56.755699378123815 0.0005272752956315685 1.020058028957634 -346.73924861924445 0 0 1
1.009059660887563 0.007524147366235259 -75.41558469310284 -0.005179625366082519 1.0271226344947593 -378.6669515173034 0 0 1
0.6568478815933786 0.4128469753786128 0.0006271544189290469 0.6107403532189168 0.05463206361415468 0.000387066228196564 0 0 1
1.0162682186131828 0.2854011211852534 41.51697321460948 -0.2554976125074404 1.0171883666583559 -428.76723907854733 0 0 1
1.0092470342605449 0.004552103583099383 28.23799552925535 0.010885296101150743 1.0331972718158235 -438.43978835828113 0 0 1
0.8935145010843744 0.5406400946554665 -409.1903692473542 -0.5033499726275181 0.8797748478192998 -94.59972215599011 0 0 1
0.995019026612916 0.1713594310899794 26.396192874631083 -0.18127493470425904 1.014835776163191 -396.9821492212096 0 0 1
1.0115127752299249 0.0025922647428331808 34.28239284305961 0.0011634624938707816 1.0497618869190029 -458.36271838022253 0 0 1
1.1186111181159757 0.10373956986328747 31.38450001186228 -0.05915799765469032 1.0390673343872963 -450.67564085848767 0 0 1
1.00945927628785 0.0068223929483109125 -66.55095761584367 -0.003110117867805684 1.0174033483872336 -368.12084512247446 0 0 1
1.0106192121734063 0.00567750270623886 -76.00870954479517 -0.00011622350227469269 1.0203102229535823 -382.4863819908764 0 0 1
0.982358544364328 -0.2212968701927902 32.69153095902921 0.25146637770996705 1.0501382082012105 -442.06962129910465 0 0 1
0.9178185829525787 -0.34927318543723906 1021.7737284287233 0.3239383945801819 0.9816544746993116 -510.57582643955254 0 0 1
1.0329547755534978 -0.056591404653829676 36.10775928533903 0.1704086079447933 1.020841894779369 -428.7323049947657 0 0 1
1.0103190695503497 0.007417284383767916 -67.90171290643782 -0.0025834206062427256 1.0194323646126306 -362.9720266738669 0 0 1
0.7592829941218595 0.6463584859327755 -108.77899310635885 -0.5915409655096653 0.7460438013934483 120.11939071735164 0 0 1
1.0067353407000368 0.005848878327416943 -68.69745333346103 0.00018320163525231692 1.0172244965525337 -368.89566570305834 0 0 1
0.8870857611027453 -0.8120032082267179 -195.83214726311687 0.6538589048016661 0.8403521174195894 -1031.8798360540582 0 0 1
该图片提取特征点数量不够
1.1672341377248314 -0.1093452264937757 38.675305380352306 -0.13160223378606162 1.1216400529202903 -409.29024315738354 0 0 1
1.1021748396087727 -0.0026626065659765413 29.577978740316333 0.10171579934250019 1.053562932146701 -452.3223324540646 0 0 1
1.006041100479351 0.002317943139273873 38.953748612499666 0.04542968190636998 1.025203071658674 -455.6909249057115 0 0 1
1.008185143236253 -0.005957788105730298 30.042897043626418 0.009547542899291273 1.0124054183975624 -401.001073227578 0 0 1
1.0073163865852848 0.0063248996957140785 -67.31115814167714 -0.006097320360396452 1.0261232807655105 -364.0817255623194 0 0 1
1.138709155855169 -0.006866584233168476 31.614510947056367 -0.187100365215219 1.0959492922040186 -395.20086410806243 0 0 1
0.770533577202251 0.649561313553702 -107.40542189652652 -0.5790545437675547 0.785950355095342 121.90112890557275 0 0 1
1.0148122258863088 -0.0112464417338748 38.8488904793735 0.019397244734420838 1.0245368952013596 -415.1211797475978 0 0 1
0.19662893339871754 -0.3923632060033613 997.8205479018948 -0.619961924288873 1.2371030245129289 -528.4688838670214 0 0 1
1.0306382435279289 0.024572828765561078 28.464326749941918 -0.024001118149811873 1.0136322000610907 -400.91018592525074 0 0 1
1.0434219526611543 -0.20415506726298477 -79.67955564745445 0.17934158850297877 1.0201631973080019 -395.46579373864023 0 0 1
1.0019991980233407 -0.07579894021803764 92.943187314107 0.06843797149970499 1.003107103344258 -351.3968614894484 0 0 1
1.0018971399210868 0.007937607335305491 41.87448912895019 0.0868560088285335 0.9989611256508175 -508.4421189032575 0 0 1
1.1732417919183984 -0.3146461632407732 -522.624017631416 0.347761414496631 0.9888530855870385 -854.0313437915037 0 0 1
1.0085345164329964 -0.1276589320684955 94.2084857940613 0.1017157073291628 1.0052122625936213 -350.35212135955294 0 0 1
1.0774023490030502 -0.25055053745680167 674.7841878367549 0.24643115146511718 1.0414600534009475 -571.5892292581009 0 0 1
1.012630379445296 -0.12506302877387487 -50.266838653401024 0.13612562974504527 1.014058749481456 -366.97589767139567 0 0 1
1.0104749196978233 0.007196878887902894 -75.24959046545463 -0.013615948580806503 1.0322414882939097 -354.02729421360146 0 0 1
0.9776854673801842 -0.5000173585453404 -198.9641067870328 0.47660313736531634 0.9324643879870826 -1038.7275766455846 0 0 1
该图片提取特征点数量不够
1.008551737001125 -0.005186144261470044 27.13857136046831 0.01977427131614462 1.0254086122275443 -417.5418082725138 0 0 1
1.036392399630308 0.4521303713199395 48.076710659583256 -0.2662659391586004 1.1251592570507603 -505.8121520571595 0 0 1
1.1148748136563609 0.16323826266468688 -62.360806215865225 0.006079208418817927 1.0792677037770884 -358.1903473115621 0 0 1
1.0124091760822276 0.0035781959262284335 -74.85064048128956 0.009975542196471565 1.0341167430459428 -388.94421396924906 0 0 1
